X Y
-50.0 3.0012474729085177e-07
-49.8046875 1.109020845223612e-06
-49.609375 3.507177957334188e-07
-49.4140625 5.363802899987921e-07
-49.21875 3.541516479158436e-07
-49.0234375 3.017469364417611e-07
-48.828125 1.0389102911426465e-07
-48.6328125 1.451266474694668e-07
-48.4375 5.704846857817328e-08
-48.2421875 1.0275586359611257e-07
-48.046875 6.318404621810856e-09
-47.8515625 1.3431320281248116e-07
-47.65625 2.9006678176155773e-09
-47.4609375 1.221564532674223e-07
-47.265625 5.6630151581924454e-09
-47.0703125 1.0673008805095637e-07
-46.875 1.354048688774365e-08
-46.6796875 8.769833366482431e-08
-46.484375 2.6226537285201666e-08
-46.2890625 7.093410427625662e-08
-46.09375 3.998840394517393e-08
-45.8984375 5.38429662745753e-08
-45.703125 5.38306935304286e-08
-45.5078125 3.7552215465579524e-08
-45.3125 6.636949032887929e-08
-45.1171875 2.589019506324955e-08
-44.921875 7.45366779981766e-08
-44.7265625 1.7572500068032804e-08
-44.53125 7.958249280814088e-08
-44.3359375 1.5187743148714578e-08
-44.140625 7.853935824567943e-08
-43.9453125 1.724722143614198e-08
-43.75 7.437608610133768e-08
-43.5546875 2.3874476596963548e-08
-43.359375 6.552831187286762e-08
-43.1640625 3.368385429641292e-08
-42.96875 5.538503681019398e-08
-42.7734375 4.497169139177052e-08
-42.578125 4.393378869190993e-08
-42.3828125 5.6491406510743116e-08
-42.1875 3.397971918101753e-08
-41.9921875 6.611747310597592e-08
-41.796875 2.622147600498296e-08
-41.6015625 7.304533109068372e-08
-41.40625 2.222001811177052e-08
-41.2109375 7.596589351526694e-08
-41.015625 2.2321386660848295e-08
-40.8203125 7.49176192945361e-08
-40.625 2.661020182146352e-08
-40.4296875 6.997114762511073e-08
-40.234375 3.447767728592963e-08
-40.0390625 6.212184945078872e-08
-39.84375 4.480421513260821e-08
-39.6484375 5.259582206449201e-08
-39.453125 5.617256028015476e-08
-39.2578125 4.2953366702422174e-08
-39.0625 6.697564769311554e-08
-38.8671875 3.477631503170785e-08
-38.671875 7.571657176601597e-08
-38.4765625 2.942556049636122e-08
-38.28125 8.119547382404282e-08
-38.0859375 2.7904917027433138e-08
-37.890625 8.267589166031931e-08
-37.6953125 3.0641196021304195e-08
-37.5 8.003649297383622e-08
-37.3046875 3.746788025559041e-08
-37.109375 7.375238241678653e-08
-36.9140625 4.760269546070146e-08
-36.71875 6.488407375115728e-08
-36.5234375 5.976408581865015e-08
-36.328125 5.490299631356599e-08
-36.1328125 7.234252807278165e-08
-35.9375 4.5507406455674684e-08
-35.7421875 8.362660691428727e-08
-35.546875 3.837010739560442e-08
-35.3515625 9.20545385837464e-08
-35.15625 3.489438604118905e-08
-34.9609375 9.64510962115129e-08
-34.765625 3.5992620437305344e-08
-34.5703125 9.621547467286846e-08
-34.375 4.194314461782896e-08
-34.1796875 9.14341974833354e-08
-33.984375 5.229972569819981e-08
-33.7890625 8.290619192195756e-08
-33.59375 6.596435813578528e-08
-33.3984375 7.203706989613038e-08
-33.203125 8.126485966001242e-08
-33.0078125 6.069986872477681e-08
-32.8125 9.625018684052271e-08
-32.6171875 5.091513406163325e-08
-32.421875 1.0887568995650137e-07
-32.2265625 4.4652525916695544e-08
-32.03125 1.1741705818467868e-07
-31.8359375 4.3406396942089425e-08
-31.640625 1.2061272232904696e-07
-31.4453125 4.810578640297301e-08
-31.25 1.1805010319774796e-07
-31.0546875 5.8745840453657305e-08
-30.859375 1.1006696500012615e-07
-30.6640625 7.455775617049667e-08
-30.46875 9.804396688356442e-08
-30.2734375 9.380838469582007e-08
-30.078125 8.385885196516663e-08
-29.8828125 1.1430775635792712e-07
-29.6875 7.023537103791124e-08
-29.4921875 1.333202042442183e-07
-29.296875 5.953599450337779e-08
-29.1015625 1.484469240058103e-07
-28.90625 5.4618319219390505e-08
-28.7109375 1.572965675030003e-07
-28.515625 5.670176692450412e-08
-28.3203125 1.589099213391432e-07
-28.125 6.74461589532003e-08
-27.9296875 1.5243007825731494e-07
-27.734375 8.554575704345672e-08
-27.5390625 1.396349578084086e-07
-27.34375 1.1080574092220012e-07
-27.1484375 1.2138992299607905e-07
-26.953125 1.3907926268004521e-07
-26.7578125 1.0246861140303525e-07
-26.5625 1.6886701461255665e-07
-26.3671875 8.422339681147073e-08
-26.171875 1.94269774638479e-07
-25.9765625 7.342924824756963e-08
-25.78125 2.1421168765714835e-07
-25.5859375 6.961225817087472e-08
-25.390625 2.230244680023017e-07
-25.1953125 7.975282656828848e-08
-25.0 2.2242774010405278e-07
-24.8046875 9.919145312981261e-08
-24.609375 2.0844136023843468e-07
-24.4140625 1.3358555162433007e-07
-24.21875 1.8801181003523612e-07
-24.0234375 1.727734683087319e-07
-23.828125 1.5779935525057218e-07
-23.6328125 2.2132979584032242e-07
-23.4375 1.3243452334357414e-07
-23.2421875 2.6340312046487903e-07
-23.046875 1.0389924327239664e-07
-22.8515625 3.0628062936168356e-07
-22.65625 9.779852363061974e-08
-22.4609375 3.274208128013954e-07
-22.265625 9.132479371530176e-08
-22.0703125 3.461546582177313e-07
-21.875 1.263951628076291e-07
-21.6796875 3.272148037772051e-07
-21.484375 1.5218731204844103e-07
-21.2890625 3.187327834819728e-07
-21.09375 2.3474709994496485e-07
-20.8984375 2.5636335555652113e-07
-20.703125 2.830671424741596e-07
-20.5078125 2.4243815921630864e-07
-20.3125 3.964785816421383e-07
-20.1171875 1.5318817908725336e-07
-19.921875 4.3712219254343055e-07
-19.7265625 1.7796675444276175e-07
-19.53125 5.460463764931344e-07
-19.3359375 9.00084328839079e-08
-19.140625 5.389294684024458e-07
-18.9453125 2.039491912316902e-07
-18.75 6.093876633751833e-07
-18.5546875 1.3944846648379244e-07
-18.359375 5.235824277254259e-07
-18.1640625 3.773646265587953e-07
-17.96875 5.536953026853335e-07
-17.7734375 3.236308031339493e-07
-17.578125 3.71666226155792e-07
-17.3828125 6.863624890212812e-07
-17.1875 4.2063359736059066e-07
-16.9921875 5.922662490874289e-07
-16.796875 1.6323241943139806e-07
-16.6015625 1.0854517848968055e-06
-16.40625 3.88974825433176e-07
-16.2109375 8.256967553724808e-07
-16.015625 5.809267723237136e-08
-15.8203125 1.486804645989932e-06
-15.625 7.325644963442516e-07
-15.4296875 9.885989077380955e-07
-15.234375 3.5259610976383455e-07
-15.0390625 2.1285499389146348e-06
-14.84375 1.9019999829731035e-06
-14.6484375 1.201496388463191e-06
-14.453125 1.5731592098915665e-06
-14.2578125 3.5646163819591515e-06
-14.0625 4.385536091399964e-06
-13.8671875 1.8285124885658196e-06
-13.671875 3.7558706509893014e-06
-13.4765625 6.271997829932999e-06
-13.28125 8.55234774275564e-06
-13.0859375 4.360236275856592e-06
-12.890625 9.300593984951927e-06
-12.6953125 1.4849371872138363e-05
-12.5 1.6386594607509946e-05
-12.3046875 7.52609648373058e-06
-12.109375 1.0629672175415024e-05
-11.9140625 1.702064317348334e-05
-11.71875 1.7789226413189536e-05
-11.5234375 7.16989986045475e-06
-11.328125 1.490506686390163e-05
-11.1328125 2.303074898179399e-05
-10.9375 1.5022784494031723e-05
-10.7421875 4.8554764753190305e-06
-10.546875 2.080968837749149e-05
-10.3515625 5.3003707603969783e-05
-10.15625 3.457001236029428e-05
-9.9609375 2.5729370671896643e-05
-9.765625 5.063884066296396e-05
-9.5703125 0.00012547512234677204
-9.375 0.00015271075457472957
-9.1796875 0.0002119052291055865
-8.984375 0.00026623400274225164
-8.7890625 0.0004006161171606711
-8.59375 0.0005778797252373956
-8.3984375 0.0009040052170105291
-8.203125 0.0013675046174440662
-8.0078125 0.001874970355869562
-7.8125 0.002545112720427379
-7.6171875 0.003540631339735926
-7.421875 0.004685437613620607
-7.2265625 0.0058504491273283065
-7.03125 0.007499018535920972
-6.8359375 0.00968114462726548
-6.640625 0.011692925159656758
-6.4453125 0.012957186080133543
-6.25 0.014456256838394544
-6.0546875 0.016972332770338112
-5.859375 0.02105445298163435
-5.6640625 0.025542133154399092
-5.46875 0.02934030557741606
-5.2734375 0.032108897424522595
-5.078125 0.03606933960033963
-4.8828125 0.03972169569166881
-4.6875 0.03910855322273519
-4.4921875 0.036076225841198364
-4.296875 0.037715620638697156
-4.1015625 0.04256623135178315
-3.90625 0.03697480861478722
-3.7109375 0.025575926589987922
-3.515625 0.029213414653706884
-3.3203125 0.04661659197939568
-3.125 0.047900959594180406
-2.9296875 0.05431098003918702
-2.734375 0.11344873408254383
-2.5390625 0.17992296514104916
-2.34375 0.17056972337126983
-2.1484375 0.237697921326729
-1.953125 0.5497543858089335
-1.7578125 1.0629512546392483
-1.5625 1.236968953262328
-1.3671875 1.1205285209474198
-1.171875 1.2827130639086266
-0.9765625 2.2804069913480047
-0.78125 3.7748627058671635
-0.5859375 4.6582188261736635
-0.390625 4.830876385378396
-0.1953125 4.3341278116820625
0.0 3.994958992306042
0.1953125 4.337230287331543
0.390625 4.821609707673549
0.5859375 4.654406931917502
0.78125 3.7785680152582635
0.9765625 2.2686475746406947
1.171875 1.2665310603980433
1.3671875 1.115462821645182
1.5625 1.2509472107000352
1.7578125 1.0594470269810574
1.953125 0.5294027841839541
2.1484375 0.22560051245195903
2.34375 0.17587065699486948
2.5390625 0.18755995634610093
2.734375 0.11398786943105402
2.9296875 0.054101800994223986
3.125 0.0485858290809855
3.3203125 0.0456935093385888
3.515625 0.028434523695618004
3.7109375 0.02649324732433903
3.90625 0.03810886829633366
4.1015625 0.04312619918654554
4.296875 0.039003655894155886
4.4921875 0.037687204492369064
4.6875 0.0397787038699902
4.8828125 0.040037511729364074
5.078125 0.03676372670847846
5.2734375 0.032654093785191206
5.46875 0.029536954861044715
5.6640625 0.026212884119840997
5.859375 0.02203250864872296
6.0546875 0.01730968327326955
6.25 0.014483810951336305
6.4453125 0.013472506417354138
6.640625 0.012359914243327984
6.8359375 0.009773372670677244
7.03125 0.00741652276754771
7.2265625 0.006024690609222464
7.421875 0.0048185493349779075
7.6171875 0.003394471735964178
7.8125 0.0024656880130666274
8.0078125 0.002035000169606653
8.203125 0.0015265017655128122
8.3984375 0.000939866146159504
8.59375 0.0006199428779218844
8.7890625 0.000475816489589174
8.984375 0.00027645568957246586
9.1796875 0.00017055053060900855
9.375 0.0001439070077604733
9.5703125 0.00014881933703448914
9.765625 5.720813478982182e-05
9.9609375 1.4764453027744895e-05
10.15625 2.964028932695905e-05
10.3515625 5.434381689082872e-05
10.546875 2.3433674703708604e-05
10.7421875 7.687834259197155e-06
10.9375 1.2437615515689844e-05
11.1328125 2.1053287661704048e-05
11.328125 1.9389267999078594e-05
11.5234375 9.866215796789057e-06
11.71875 1.3018997012421034e-05
11.9140625 1.4278364757736681e-05
12.109375 1.5314183698344177e-05
12.3046875 9.892366253977924e-06
12.5 1.3085185253975459e-05
12.6953125 1.4377897110490522e-05
12.890625 1.2831355627612527e-05
13.0859375 4.303411417502899e-06
13.28125 5.588000107095792e-06
13.4765625 6.706014625358198e-06
13.671875 5.84802388175104e-06
13.8671875 1.3245988550401118e-06
14.0625 2.947693488562608e-06
14.2578125 4.3292296709787e-06
14.453125 2.5177151679135785e-06
14.6484375 5.474695075824762e-07
14.84375 1.1986504233974242e-06
15.0390625 2.617478874942596e-06
15.234375 6.291309070227403e-07
15.4296875 5.676183251603457e-07
15.625 5.047241583731151e-07
15.8203125 1.7293195087420779e-06
16.015625 1.1062977509177305e-07
16.2109375 6.294853982163917e-07
16.40625 3.2357128015230083e-07
16.6015625 1.1062620888849038e-06
16.796875 1.8116143909758732e-07
16.9921875 5.355404227371533e-07
17.1875 3.765462991315066e-07
17.3828125 6.223965763459982e-07
17.578125 4.120940439883396e-07
17.7734375 3.098788257015819e-07
17.96875 4.875208313743003e-07
18.1640625 3.104114988517516e-07
18.359375 5.760857901890141e-07
18.5546875 1.2997000355369406e-07
18.75 5.316491134899933e-07
18.9453125 1.7000560720567537e-07
19.140625 5.777044412183315e-07
19.3359375 7.462328559377279e-08
19.53125 4.7215721148420724e-07
19.7265625 1.732311931711666e-07
19.921875 4.5185464003588657e-07
20.1171875 1.3516311571291094e-07
20.3125 3.3830031646378785e-07
20.5078125 2.5044057281842454e-07
20.703125 2.7897524798521927e-07
20.8984375 2.386171430550957e-07
21.09375 1.9554516856216247e-07
21.2890625 3.242905571989064e-07
21.484375 1.4062817994094393e-07
21.6796875 3.0966278885068555e-07
21.875 1.0399329161767718e-07
22.0703125 3.4214360937575497e-07
22.265625 8.129140833582374e-08
22.4609375 3.091544936379137e-07
22.65625 8.708350703732134e-08
22.8515625 2.933334697657862e-07
23.046875 9.833597687925553e-08
23.2421875 2.4488173229298254e-07
23.4375 1.2731963531285168e-07
23.6328125 2.0444874573883892e-07
23.828125 1.5472837823817966e-07
24.0234375 1.5607475207957965e-07
24.21875 1.8317749246323383e-07
24.4140625 1.1825344787146012e-07
24.609375 2.0424285525679775e-07
24.8046875 8.65456408220618e-08
25.0 2.1467776303748502e-07
25.1953125 6.920689454412808e-08
25.390625 2.1539888840106684e-07
25.5859375 6.178182562808031e-08
25.78125 2.0306245566355026e-07
25.9765625 6.776780206480305e-08
26.171875 1.8348331684465565e-07
26.3671875 7.993560324885285e-08
26.5625 1.560762211050132e-07
26.7578125 9.942067669882012e-08
26.953125 1.2738420245326717e-07
27.1484375 1.1807473428954157e-07
27.34375 9.90412408066719e-08
27.5390625 1.3624842016753272e-07
27.734375 7.558258343565854e-08
27.9296875 1.4766403171981987e-07
28.125 5.8749552425077975e-08
28.3203125 1.5319957849603223e-07
28.515625 4.997002719121291e-08
28.7109375 1.5003373866912485e-07
28.90625 4.9409255985587805e-08
29.1015625 1.4024164354388472e-07
29.296875 5.573280454448314e-08
29.4921875 1.2424764234753162e-07
29.6875 6.727998687432176e-08
29.8828125 1.0502906417655678e-07
30.078125 8.128578091949472e-08
30.2734375 8.473497211448442e-08
30.46875 9.528651903890507e-08
30.6640625 6.620924396648756e-08
30.859375 1.0672755184036705e-07
31.0546875 5.146479197020771e-08
31.25 1.1377887738446723e-07
31.4453125 4.209815416301157e-08
31.640625 1.1532791675309662e-07
31.8359375 3.869711485747502e-08
32.03125 1.1112071276119078e-07
32.2265625 4.10901582994505e-08
32.421875 1.0182720131383693e-07
32.6171875 4.820015977002245e-08
32.8125 8.874754565321853e-08
33.0078125 5.844693214754294e-08
33.203125 7.374429273653294e-08
33.3984375 6.981008045656988e-08
33.59375 5.88095279393092e-08
33.7890625 8.031602727279626e-08
33.984375 4.587843416360181e-08
34.1796875 8.815790790630747e-08
34.375 3.6486434325284533e-08
34.5703125 9.207439553729735e-08
34.765625 3.160891822722492e-08
34.9609375 9.140322040178245e-08
35.15625 3.152853395859697e-08
35.3515625 8.621776408475033e-08
35.546875 3.583112409608975e-08
35.7421875 7.724113691772022e-08
35.9375 4.3491134090842323e-08
36.1328125 6.574131648931323e-08
36.328125 5.3042303996403297e-08
36.5234375 5.331432534189455e-08
36.71875 6.280392204012374e-08
36.9140625 4.165475859630135e-08
37.109375 7.112181605668964e-08
37.3046875 3.229679350172525e-08
37.5 7.662490867507946e-08
37.6953125 2.6412161837007475e-08
37.890625 7.837166158983307e-08
38.0859375 2.463991401589096e-08
38.28125 7.604534286016806e-08
38.4765625 2.7006798825284195e-08
38.671875 6.988445754691043e-08
38.8671875 3.2958080702847745e-08
39.0625 6.07622314968842e-08
39.2578125 4.139381578589822e-08
39.453125 4.9918928017578424e-08
39.6484375 5.091949472693719e-08
39.84375 3.88942955062813e-08
40.0390625 5.99502987706567e-08
40.234375 2.923480752332293e-08
40.4296875 6.700811612708268e-08
40.625 2.2269860917743713e-08
40.8203125 7.097610152596645e-08
41.015625 1.9001338722426636e-08
41.2109375 7.098206356205821e-08
41.40625 1.9845458496253354e-08
41.6015625 6.718511530587585e-08
41.796875 2.4613108053778755e-08
41.9921875 5.954110278274467e-08
42.1875 3.2773708492019276e-08
42.3828125 4.974491265762951e-08
42.578125 4.267697983567521e-08
42.7734375 3.824947505590701e-08
42.96875 5.367804595242427e-08
43.1640625 2.7765897166821917e-08
43.359375 6.272726937213024e-08
43.5546875 1.8740658790136307e-08
43.75 7.046326019538486e-08
43.9453125 1.3599299715045498e-08
44.140625 7.275391074077401e-08
44.3359375 1.2667247564525047e-08
44.53125 7.268524108326516e-08
44.7265625 1.637382327876858e-08
44.921875 6.573073722625904e-08
45.1171875 2.546165305604303e-08
45.3125 5.7241348698580095e-08
45.5078125 3.717332897955552e-08
45.703125 4.3716979197563675e-08
45.8984375 5.314672580748073e-08
46.09375 3.067726746938425e-08
46.2890625 6.858147726162268e-08
46.484375 1.7867518173867178e-08
46.6796875 8.329275734144915e-08
46.875 7.895825400942677e-09
47.0703125 9.579150810860745e-08
47.265625 3.8047581875662866e-09
47.4609375 1.0045139271351608e-07
47.65625 6.5625975550909705e-09
47.8515625 1.237764111098839e-07
48.046875 1.4505597284991094e-08
48.2421875 1.3469757388677964e-07
48.4375 1.8792739718753465e-08
48.6328125 1.1651218249518494e-07
48.828125 2.7936396434171728e-08
49.0234375 3.3562454639552973e-08
49.21875 3.674165290423748e-07
49.4140625 1.3233262817507747e-07
49.609375 1.6738519437929275e-06
49.8046875 2.0573253650145137e-06
