X Y
-50.0 3.478710962049445e-33
-49.8046875 1.0005468469046611e-28
-49.609375 1.6286628982123086e-28
-49.4140625 5.026737340161447e-29
-49.21875 3.667431031740626e-30
-49.0234375 5.205717019158892e-29
-48.828125 3.7128282097953735e-29
-48.6328125 2.0124342915456038e-30
-48.4375 3.394569640654874e-30
-48.2421875 1.3049514496387985e-30
-48.046875 7.58815570540548e-30
-47.8515625 1.419759782358186e-29
-47.65625 5.679675081280496e-31
-47.4609375 1.7662723468114465e-29
-47.265625 4.6358254339594255e-29
-47.0703125 2.3325073150481862e-29
-46.875 5.845535960322496e-33
-46.6796875 1.7435815925273916e-29
-46.484375 2.3033151676122658e-29
-46.2890625 5.866724800682462e-30
-46.09375 6.526702132984784e-31
-45.8984375 4.3125622685907724e-30
-45.703125 2.1085005593801498e-30
-45.5078125 6.826333292020682e-31
-45.3125 1.7300772021762817e-30
-45.1171875 2.3047780378680172e-30
-44.921875 1.1175907855438912e-30
-44.7265625 2.5936085971729323e-30
-44.53125 1.0287425848496402e-29
-44.3359375 8.505372927309066e-30
-44.140625 3.1560341921846358e-31
-43.9453125 6.501283805175837e-30
-43.75 1.6096602230119735e-29
-43.5546875 6.107746519483957e-30
-43.359375 2.175026747141882e-30
-43.1640625 1.2357264815978506e-29
-42.96875 8.094269295152587e-30
-42.7734375 1.2096274653444947e-30
-42.578125 2.4656733218854682e-29
-42.3828125 4.700031649091714e-29
-42.1875 2.2783784512551537e-29
-41.9921875 1.362568409431723e-30
-41.796875 3.3345534101532957e-29
-41.6015625 7.436331591769424e-29
-41.40625 6.281599863824663e-29
-41.2109375 2.3855524605976875e-29
-41.015625 9.826880424370723e-30
-40.8203125 2.2886540604820908e-29
-40.625 4.0641086136636785e-29
-40.4296875 5.066125678815399e-29
-40.234375 5.05892582705521e-29
-40.0390625 3.1733455365979997e-29
-39.84375 7.339671672269712e-30
-39.6484375 8.584983527051935e-30
-39.453125 4.101091080996973e-29
-39.2578125 6.470212996700898e-29
-39.0625 5.034275424850379e-29
-38.8671875 1.8467773281535015e-29
-38.671875 6.778934156573423e-30
-38.4765625 1.908541773341115e-29
-38.28125 2.5351391498943946e-29
-38.0859375 2.3578662134627058e-29
-37.890625 3.1681575338591647e-29
-37.6953125 5.102486611077942e-29
-37.5 3.8888735011511564e-29
-37.3046875 7.89046809102729e-30
-37.109375 1.8518737706237144e-29
-36.9140625 7.55651919742733e-29
-36.71875 8.76017678277341e-29
-36.5234375 2.7659626531043923e-29
-36.328125 4.841839338660059e-30
-36.1328125 8.86202780933326e-29
-35.9375 1.7539665778530393e-28
-35.7421875 1.5419469544284731e-28
-35.546875 7.066105864595213e-29
-35.3515625 4.3411870747473156e-29
-35.15625 9.385087601194234e-29
-34.9609375 1.3993256405366316e-28
-34.765625 1.2388017282685933e-28
-34.5703125 5.937999588598017e-29
-34.375 1.785630368792078e-29
-34.1796875 9.285054667693314e-30
-33.984375 9.26247181754097e-30
-33.7890625 2.6049469767261245e-30
-33.59375 5.479106973799372e-30
-33.3984375 2.4113817395787853e-29
-33.203125 3.633730985150852e-29
-33.0078125 2.5554197045289085e-29
-32.8125 1.8930684673070395e-29
-32.6171875 4.630153050899155e-29
-32.421875 9.373348388365507e-29
-32.2265625 1.1397569604210864e-28
-32.03125 7.977546777655762e-29
-31.8359375 2.710919601506328e-29
-31.640625 6.042625014708754e-30
-31.4453125 2.339649397899328e-29
-31.25 4.785022133245564e-29
-31.0546875 4.5331293475644875e-29
-30.859375 2.1651307131049238e-29
-30.6640625 2.7614234625014407e-30
-30.46875 1.6965621583048895e-30
-30.2734375 1.1860177547336464e-29
-30.078125 1.9142683620180403e-29
-29.8828125 1.7153336899844185e-29
-29.6875 9.829642806796822e-30
-29.4921875 2.3474622540658103e-30
-29.296875 1.1397526667897122e-30
-29.1015625 9.035257625249557e-30
-28.90625 1.9159799137126692e-29
-28.7109375 2.3360115939229984e-29
-28.515625 1.6629819998007406e-29
-28.3203125 6.06636513204511e-30
-28.125 7.0897316887746315e-31
-27.9296875 8.894339126316148e-31
-27.734375 1.9295332932016897e-30
-27.5390625 1.1959980776877344e-30
-27.34375 1.040445103455514e-30
-27.1484375 4.507144469820407e-30
-26.953125 1.0942711924030134e-29
-26.7578125 1.8248439459399182e-29
-26.5625 2.3367300156709222e-29
-26.3671875 2.661976830713678e-29
-26.171875 2.886947207155366e-29
-25.9765625 3.1313859872007006e-29
-25.78125 3.207431947785595e-29
-25.5859375 2.871703372400948e-29
-25.390625 2.4046216249184055e-29
-25.1953125 1.8565629540839403e-29
-25.0 1.6065702263291445e-29
-24.8046875 1.73546222311608e-29
-24.609375 1.7662167904323274e-29
-24.4140625 1.587778159712931e-29
-24.21875 1.2724264877270973e-29
-24.0234375 8.001194781739059e-30
-23.828125 4.569736016315609e-30
-23.6328125 2.764933698563112e-30
-23.4375 4.8296415756988625e-30
-23.2421875 9.786132047201565e-30
-23.046875 1.595816350087339e-29
-22.8515625 1.903350655461665e-29
-22.65625 1.80732052333855e-29
-22.4609375 1.446414461035968e-29
-22.265625 1.3982966663088698e-29
-22.0703125 2.179788896735004e-29
-21.875 3.5198285826614285e-29
-21.6796875 5.021415569842606e-29
-21.484375 5.955626944132676e-29
-21.2890625 5.588794133298307e-29
-21.09375 4.7346405137569633e-29
-20.8984375 3.802195016700986e-29
-20.703125 3.4037883190506594e-29
-20.5078125 3.7650516528419263e-29
-20.3125 4.660868067211991e-29
-20.1171875 5.705570695545495e-29
-19.921875 6.324210404889578e-29
-19.7265625 6.90846651477838e-29
-19.53125 7.258686573335591e-29
-19.3359375 7.611757227541702e-29
-19.140625 8.673464492918157e-29
-18.9453125 1.0632646880345835e-28
-18.75 1.3316272649820665e-28
-18.5546875 1.6524151987543908e-28
-18.359375 1.9700831576373087e-28
-18.1640625 2.1590008375479926e-28
-17.96875 2.227042459373045e-28
-17.7734375 2.1311349897688155e-28
-17.578125 1.8939442542380852e-28
-17.3828125 1.5730289737858698e-28
-17.1875 1.2242484717330508e-28
-16.9921875 9.188044874536871e-29
-16.796875 6.740758839581213e-29
-16.6015625 4.9832098182999475e-29
-16.40625 3.850480608503156e-29
-16.2109375 2.974251689251814e-29
-16.015625 2.4797296705003952e-29
-15.8203125 1.922742012792919e-29
-15.625 1.5720201970986104e-29
-15.4296875 1.474618878001062e-29
-15.234375 1.6691547387655825e-29
-15.0390625 2.0989560505602903e-29
-14.84375 2.4857711649494348e-29
-14.6484375 2.8544949825331186e-29
-14.453125 2.794456765998749e-29
-14.2578125 2.567558978020731e-29
-14.0625 2.1847186223753175e-29
-13.8671875 1.7105801356464758e-29
-13.671875 1.2539561510849302e-29
-13.4765625 9.190485467080457e-30
-13.28125 6.185592566898124e-30
-13.0859375 4.272834665911272e-30
-12.890625 2.806810169572819e-30
-12.6953125 1.7496544528219137e-30
-12.5 1.0066475391162778e-30
-12.3046875 5.470511354314663e-31
-12.109375 5.641512556162002e-31
-11.9140625 1.0976505111908489e-30
-11.71875 2.0074931515629243e-30
-11.5234375 4.012673680378722e-30
-11.328125 5.552982398406283e-30
-11.1328125 6.336007453189414e-30
-10.9375 6.718061505290296e-30
-10.7421875 5.905758068477361e-30
-10.546875 4.0609640842293934e-30
-10.3515625 1.7587300156491745e-30
-10.15625 2.759827613160444e-31
-9.9609375 2.722013298856026e-31
-9.765625 2.2956451874613216e-30
-9.5703125 5.738571330978487e-30
-9.375 1.0636744779787422e-29
-9.1796875 1.7439886382296227e-29
-8.984375 2.1992349141483358e-29
-8.7890625 2.3555474691588507e-29
-8.59375 2.365143734547351e-29
-8.3984375 1.8801430582168458e-29
-8.203125 2.9148875023267235e-29
-8.0078125 7.762077953553444e-28
-7.8125 1.9036043012988855e-26
-7.6171875 3.960534064463435e-25
-7.421875 7.4995649826594e-24
-7.2265625 1.3117876806318878e-22
-7.03125 2.1247767596328807e-21
-6.8359375 3.188453072422983e-20
-6.640625 4.433075128903637e-19
-6.4453125 5.710780802147367e-18
-6.25 6.816347328748591e-17
-6.0546875 7.538308924815181e-16
-5.859375 7.724353140079908e-15
-5.6640625 7.333584178995566e-14
-5.46875 6.451139069307886e-13
-5.2734375 5.2580230850061866e-12
-5.078125 3.970768187346801e-11
-4.8828125 2.778385729878236e-10
-4.6875 1.8012604204165105e-09
-4.4921875 1.081997938583373e-08
-4.296875 6.02202176768676e-08
-4.1015625 3.105447340323264e-07
-3.90625 1.4837884221053682e-06
-3.7109375 6.568795586133035e-06
-3.515625 2.6944211395072984e-05
-3.3203125 0.00010240264339919665
-3.125 0.00036059758889383034
-2.9296875 0.0011765230226243163
-2.734375 0.0035566735243567913
-2.5390625 0.009962160507384925
-2.34375 0.025854076399451774
-2.1484375 0.06216851326599474
-1.953125 0.1385089687386437
-1.7578125 0.285924434317379
-1.5625 0.5468781928184833
-1.3671875 0.9691609384342172
-1.171875 1.5913553122424544
-0.9765625 2.42105343701595
-0.78125 3.4127741828608458
-0.5859375 4.457349525131342
-0.390625 5.394010524064638
-0.1953125 6.048014847107455
0.0 6.283185307179587
0.1953125 6.048014847107442
0.390625 5.39401052406461
0.5859375 4.457349525131314
0.78125 3.4127741828608156
0.9765625 2.421053437015924
1.171875 1.5913553122424327
1.3671875 0.9691609384342021
1.5625 0.5468781928184733
1.7578125 0.2859244343173733
1.953125 0.13850896873864058
2.1484375 0.06216851326599309
2.34375 0.025854076399451007
2.5390625 0.009962160507384566
2.734375 0.0035566735243566373
2.9296875 0.0011765230226242376
3.125 0.0003605975888937904
3.3203125 0.00010240264339917133
3.515625 2.6944211395058137e-05
3.7109375 6.568795586124106e-06
3.90625 1.4837884221005013e-06
4.1015625 3.105447340297433e-07
4.296875 6.022021767560924e-08
4.4921875 1.0819979385277262e-08
4.6875 1.8012604201953106e-09
4.8828125 2.7783857290644217e-10
5.078125 3.9707681844673476e-11
5.2734375 5.2580230756081256e-12
5.46875 6.451139039691644e-13
5.6640625 7.333584089164885e-14
5.859375 7.72435290173533e-15
6.0546875 7.538308252353799e-16
6.25 6.816345823288209e-17
6.4453125 5.7107781231270876e-18
6.640625 4.433074158204759e-19
6.8359375 3.188466963960041e-20
7.03125 2.124878087237535e-21
7.2265625 1.3121896422367076e-22
7.421875 7.513070464257342e-24
7.6171875 4.000066042640939e-25
7.8125 2.0112038856751493e-26
8.0078125 1.0393874255839364e-27
8.203125 8.790838233457499e-29
8.3984375 3.2044211422607944e-29
8.59375 2.64142413117996e-29
8.7890625 2.4231687406177874e-29
8.984375 2.1498458033302552e-29
9.1796875 1.669434176285097e-29
9.375 1.0529874846798946e-29
9.5703125 5.813711615152955e-30
9.765625 2.0870026288417753e-30
9.9609375 2.1573115675923647e-31
10.15625 3.946634636925009e-31
10.3515625 2.1111191471667064e-30
10.546875 4.1823431019294124e-30
10.7421875 6.114094399970452e-30
10.9375 6.471901394501815e-30
11.1328125 6.2896894698551116e-30
11.328125 4.8368350522917556e-30
11.5234375 3.525958923045718e-30
11.71875 1.931350430957521e-30
11.9140625 8.214242146286208e-31
12.109375 2.65200753176162e-31
12.3046875 1.6347563496560675e-31
12.5 5.868914687079768e-31
12.6953125 1.2688131254709985e-30
12.890625 2.864242925314291e-30
13.0859375 3.810104468573474e-30
13.28125 6.158370974184351e-30
13.4765625 8.686245049805568e-30
13.671875 1.1234837277392339e-29
13.8671875 1.6067906344800433e-29
14.0625 1.98884511222353e-29
14.2578125 2.4355583988727133e-29
14.453125 2.607917839883917e-29
14.6484375 2.889881354471685e-29
14.84375 2.801536275275524e-29
15.0390625 2.6499353743797653e-29
15.234375 2.3815386319561805e-29
15.4296875 2.1573037159295065e-29
15.625 1.9310239007950907e-29
15.8203125 2.0371146927623068e-29
16.015625 2.4368649776770996e-29
16.2109375 3.205421424601773e-29
16.40625 4.435044652850361e-29
16.6015625 6.203420065252849e-29
16.796875 8.104396116916201e-29
16.9921875 1.0634897706040833e-28
17.1875 1.2952876211508798e-28
17.3828125 1.4927092374851376e-28
17.578125 1.6344504864324708e-28
17.7734375 1.7349846275575576e-28
17.96875 1.7790240097115462e-28
18.1640625 1.7384121137097848e-28
18.359375 1.6739513605386212e-28
18.5546875 1.5400836859533579e-28
18.75 1.427055486652997e-28
18.9453125 1.2234333167715566e-28
19.140625 1.053718268688423e-28
19.3359375 9.061746205183717e-29
19.53125 7.536904729724127e-29
19.7265625 6.245379159587654e-29
19.921875 5.191638194056981e-29
20.1171875 4.3843284044134383e-29
20.3125 3.94673155958058e-29
20.5078125 3.9953142659959816e-29
20.703125 4.29974895799536e-29
20.8984375 4.743779628821145e-29
21.09375 5.504503268032079e-29
21.2890625 5.975416665498745e-29
21.484375 5.919470786207536e-29
21.6796875 5.216021874018346e-29
21.875 4.1216253785466117e-29
22.0703125 2.820161858886317e-29
22.265625 1.681849669095116e-29
22.4609375 1.1443276331558197e-29
22.65625 1.0974129500108625e-29
22.8515625 1.315790035822857e-29
23.046875 1.5438383144918703e-29
23.2421875 1.5014590149585905e-29
23.4375 1.2197990266967436e-29
23.6328125 7.1285944969288e-30
23.828125 3.710979801041045e-30
24.0234375 3.82223270196166e-30
24.21875 7.299451439547513e-30
24.4140625 1.4746445691759606e-29
24.609375 1.949619574282014e-29
24.8046875 2.1214245122055046e-29
25.0 2.0406661827281895e-29
25.1953125 1.9625987492130052e-29
25.390625 2.219361524115325e-29
25.5859375 2.641880636370308e-29
25.78125 3.0227247700810435e-29
25.9765625 3.1278984309305166e-29
26.171875 2.8811036202120676e-29
26.3671875 2.4225752401075725e-29
26.5625 2.1955983874873722e-29
26.7578125 1.789406803640629e-29
26.953125 1.381682544881278e-29
27.1484375 8.165297123592204e-30
27.34375 2.3899806678556836e-30
27.5390625 7.578493967850034e-32
27.734375 1.4647699465289138e-30
27.9296875 2.4403319722587045e-30
28.125 1.2644504038598708e-30
28.3203125 1.3632563965219544e-31
28.515625 5.0553275845790126e-30
28.7109375 1.533435317225146e-29
28.90625 2.4202835580853152e-29
29.1015625 2.254853656733038e-29
29.296875 1.2393573885853506e-29
29.4921875 2.4528325599224435e-30
29.6875 1.5469943158943909e-30
29.8828125 8.919865936281387e-30
30.078125 1.7374555649212608e-29
30.2734375 1.9956464014857668e-29
30.46875 1.5134698665134947e-29
30.6640625 4.677716098810706e-30
30.859375 3.788293192519253e-31
31.0546875 1.430489371812379e-29
31.25 4.5755033779424337e-29
31.4453125 7.316085586414309e-29
31.640625 6.950110507988786e-29
31.8359375 3.669954958939066e-29
32.03125 1.3032094039557434e-29
32.2265625 2.9688924947765623e-29
32.421875 7.33535508231757e-29
32.6171875 1.0049195516600318e-28
32.8125 8.209851720815115e-29
33.0078125 4.2382723247788355e-29
33.203125 1.4364418711281036e-29
33.3984375 7.002009935662981e-30
33.59375 5.794754253043288e-30
33.7890625 4.030612018737494e-30
33.984375 1.0246174818529001e-29
34.1796875 2.4358775477189714e-29
34.375 3.356573877634011e-29
34.5703125 3.042902554416917e-29
34.765625 3.836987063516405e-29
34.9609375 8.012670536256374e-29
35.15625 1.529360083755989e-28
35.3515625 2.007097459246751e-28
35.546875 1.7402913910182496e-28
35.7421875 8.544507556183294e-29
35.9375 1.677382263283323e-29
36.1328125 2.07584345167661e-29
36.328125 7.10451114970895e-29
36.5234375 1.0482131509473852e-28
36.71875 9.408073925117804e-29
36.9140625 5.148460896803118e-29
37.109375 1.2542101910445446e-29
37.3046875 7.89055609918731e-30
37.5 3.250737716960265e-29
37.6953125 4.7556539424877996e-29
37.890625 3.479780326217812e-29
38.0859375 2.0734222478502036e-29
38.28125 2.839973321957125e-29
38.4765625 3.2213534069846865e-29
38.671875 1.456265430451167e-29
38.8671875 5.711055311689569e-30
39.0625 3.211659969015884e-29
39.2578125 6.38820221757043e-29
39.453125 5.085897869127903e-29
39.6484375 1.1705440394007983e-29
39.84375 8.21612605437385e-30
40.0390625 4.2365716387456817e-29
40.234375 5.247897930247352e-29
40.4296875 2.1794220253699142e-29
40.625 1.4668079096270603e-29
40.8203125 4.772358014340993e-29
41.015625 5.367386269388787e-29
41.2109375 1.6380191712404152e-29
41.40625 1.287785765896193e-29
41.6015625 5.911034690470268e-29
41.796875 7.028242191320812e-29
41.9921875 2.2325846987042798e-29
42.1875 1.4639115042842171e-30
42.3828125 2.6546714347268315e-29
42.578125 3.5534919786548756e-29
42.7734375 1.3986012193531484e-29
42.96875 1.0729226599473693e-30
43.1640625 7.930199153919059e-30
43.359375 1.1284322157795737e-29
43.5546875 2.9944013408663987e-30
43.75 1.9249646905071356e-30
43.9453125 1.3318049792756218e-29
44.140625 1.5181860914498398e-29
44.3359375 3.0396572546773188e-30
44.53125 1.307347309898549e-30
44.7265625 5.7766305606329266e-30
44.921875 3.787769822714518e-30
45.1171875 9.416484702543323e-31
45.3125 8.526323965161863e-31
45.5078125 1.5287569437027747e-30
45.703125 1.3690903953252515e-30
45.8984375 5.4505183938341606e-31
46.09375 7.152678165558612e-30
46.2890625 1.4208519965342037e-29
46.484375 3.941492688516593e-30
46.6796875 4.966618530788192e-30
46.875 3.4797539184617133e-29
47.0703125 4.093784307019092e-29
47.265625 8.007130600549324e-30
47.4609375 5.126186348660505e-30
47.65625 2.6554101459213737e-29
47.8515625 1.8148543798729515e-29
48.046875 1.4663310253626235e-30
48.2421875 1.0838358841135305e-30
48.4375 1.0073042429484422e-30
48.6328125 1.6918058505622093e-29
48.828125 2.806971875277697e-29
49.0234375 4.275335772358767e-30
49.21875 2.3489995771238873e-29
49.4140625 1.2035296315402466e-28
49.609375 1.4040077442831557e-28
49.8046875 2.988995426366935e-29
